0.428856,0,0.257069,0,0,0.5,0,0,-0.257069,0,0.428856,0,1.83634,0,20.2525,1|
5.6657|-1.296|0|-0.21|0|-0.09|-0.72|
5.8257|-1.296|0|-0.21|0|-0.09|-0.72|
6.0057|-1.296|0|-0.21|0|-0.09|-0.72|
0.428856,0,0.257069,0,0,0.5,0,0,-0.257069,0,0.428856,0,1.53614,0,20.0725,1|
0.428856,0,0.257069,0,0,0.5,0,0,-0.257069,0,0.428856,0,1.3989,0,19.9902,1|
0.428856,0,0.257069,0,0,0.5,0,0,-0.257069,0,0.428856,0,1.25309,0,19.9028,1|
0.428856,0,0.257069,0,0,0.5,0,0,-0.257069,0,0.428856,0,1.03009,0,19.7691,1|
0.428856,0,0.257069,0,0,0.5,0,0,-0.257069,0,0.428856,0,0.824239,0,19.6457,1|
0.428856,0,0.257069,0,0,0.5,0,0,-0.257069,0,0.428856,0,0.652696,0,19.5429,1|
